20090502
20090503
20090504
20090802
20090803
20090804
20090805
20091102
20091103
20091104
20091105
20091218
20091219
20091220
20091221
20100203
20100204
20100205
20100206
20100503
20100504
20100505
20100506
20100803
20100804
20100805
20100806
20101103
20101104
20101105
20101106
20110203
20110204
20110205
20110206
20110503
20110504
20110505
20110506
20110803
20110804
20110805
20110806
20111103
20111104
20111105
20111106
20120203
20120204
20120205
20120206
20120503
20120504
20120505
20120506
20120803
20120804
20120805
20120806
20121103
20121104
20121105
20121106
20130203
20130204
20130205
20130206
20130505
20130506
20130507
20130508
20130805
20130806
20130807
20130808
20131105
20131106
20140205
20140206
20140207
20140208
20140505
20140506
20140507
20140508
20140805
20140806
20140807
20140808
20141105
20141106
20141107
20141108
20150206
20150207
20150505
20150506
20150508
20150805
20150806
20150807
20150808
20151105
20151106
20151107
